Total__ofTable__customer__asNumberOfDistinct__customer_id <-
100
Total__ofTable__customer_class__asNumberOfDistinct__customer_class_id <-
6
Total__ofTable__product__asNumberOfDistinct__product_id <-
350
Total__ofTable__product_purchase__asNumberOfDistinct__product_purchase_id <-
512
alpha__asColumnOfTable__customer_class <-
c(
1,1,1,1,1,1
)
beta__asColumnOfTable__product <-
c(
0.1,0.1,0.1,0.1,0.1,0.1,0.1,0.1,0.1,0.1,0.1,0.1,0.1,0.1,0.1,0.1,0.1,0.1,0.1,0.1,0.1,0.1,0.1,0.1,0.1,0.1,0.1,0.1,0.1,0.1,0.1,0.1,0.1,0.1,0.1,0.1,0.1,0.1,0.1,0.1,0.1,0.1,0.1,0.1,0.1,0.1,0.1,0.1,0.1,0.1,0.1,0.1,0.1,0.1,0.1,0.1,0.1,0.1,0.1,0.1,0.1,0.1,0.1,0.1,0.1,0.1,0.1,0.1,0.1,0.1,0.1,0.1,0.1,0.1,0.1,0.1,0.1,0.1,0.1,0.1,0.1,0.1,0.1,0.1,0.1,0.1,0.1,0.1,0.1,0.1,0.1,0.1,0.1,0.1,0.1,0.1,0.1,0.1,0.1,0.1,0.1,0.1,0.1,0.1,0.1,0.1,0.1,0.1,0.1,0.1,0.1,0.1,0.1,0.1,0.1,0.1,0.1,0.1,0.1,0.1,0.1,0.1,0.1,0.1,0.1,0.1,0.1,0.1,0.1,0.1,0.1,0.1,0.1,0.1,0.1,0.1,0.1,0.1,0.1,0.1,0.1,0.1,0.1,0.1,0.1,0.1,0.1,0.1,0.1,0.1,0.1,0.1,0.1,0.1,0.1,0.1,0.1,0.1,0.1,0.1,0.1,0.1,0.1,0.1,0.1,0.1,0.1,0.1,0.1,0.1,0.1,0.1,0.1,0.1,0.1,0.1,0.1,0.1,0.1,0.1,0.1,0.1,0.1,0.1,0.1,0.1,0.1,0.1,0.1,0.1,0.1,0.1,0.1,0.1,0.1,0.1,0.1,0.1,0.1,0.1,0.1,0.1,0.1,0.1,0.1,0.1,0.1,0.1,0.1,0.1,0.1,0.1,0.1,0.1,0.1,0.1,0.1,0.1,0.1,0.1,0.1,0.1,0.1,0.1,0.1,0.1,0.1,0.1,0.1,0.1,0.1,0.1,0.1,0.1,0.1,0.1,0.1,0.1,0.1,0.1,0.1,0.1,0.1,0.1,0.1,0.1,0.1,0.1,0.1,0.1,0.1,0.1,0.1,0.1,0.1,0.1,0.1,0.1,0.1,0.1,0.1,0.1,0.1,0.1,0.1,0.1,0.1,0.1,0.1,0.1,0.1,0.1,0.1,0.1,0.1,0.1,0.1,0.1,0.1,0.1,0.1,0.1,0.1,0.1,0.1,0.1,0.1,0.1,0.1,0.1,0.1,0.1,0.1,0.1,0.1,0.1,0.1,0.1,0.1,0.1,0.1,0.1,0.1,0.1,0.1,0.1,0.1,0.1,0.1,0.1,0.1,0.1,0.1,0.1,0.1,0.1,0.1,0.1,0.1,0.1,0.1,0.1,0.1,0.1,0.1,0.1,0.1,0.1,0.1,0.1,0.1,0.1,0.1,0.1,0.1,0.1,0.1,0.1,0.1,0.1,0.1,0.1,0.1,0.1,0.1,0.1,0.1,0.1,0.1,0.1
)
customer_class_id__asColumnOfTable__customer <-
c(
3L,1L,4L,1L,2L,1L,1L,3L,2L,6L,2L,2L,4L,2L,2L,2L,1L,1L,6L,2L,1L,6L,1L,3L,2L,1L,2L,2L,2L,2L,2L,1L,2L,1L,4L,6L,3L,1L,2L,2L,1L,1L,4L,1L,1L,2L,1L,2L,1L,2L,1L,4L,2L,1L,1L,1L,1L,1L,3L,5L,1L,2L,1L,2L,1L,4L,1L,1L,2L,5L,1L,2L,1L,5L,1L,1L,2L,1L,3L,1L,1L,2L,5L,2L,3L,1L,2L,4L,3L,1L,1L,2L,2L,4L,4L,2L,1L,3L,1L,1L
)
customer_id__asColumnOfTable__product_purchase <-
c(
1L,1L,1L,1L,2L,2L,2L,2L,3L,3L,3L,3L,4L,4L,4L,4L,5L,5L,5L,5L,5L,6L,6L,6L,6L,6L,7L,7L,7L,7L,7L,7L,8L,8L,8L,8L,8L,8L,9L,9L,9L,9L,9L,10L,10L,10L,10L,10L,10L,11L,11L,11L,11L,11L,11L,11L,11L,11L,12L,12L,12L,12L,12L,12L,12L,13L,13L,13L,14L,14L,14L,14L,15L,15L,15L,15L,15L,15L,15L,16L,16L,16L,16L,16L,16L,16L,16L,16L,17L,17L,17L,17L,17L,17L,17L,17L,18L,18L,18L,18L,19L,19L,19L,20L,20L,20L,20L,21L,21L,21L,21L,21L,22L,22L,22L,22L,22L,22L,23L,23L,23L,24L,24L,24L,25L,25L,25L,26L,26L,26L,26L,27L,27L,27L,27L,27L,27L,28L,28L,28L,28L,28L,28L,28L,29L,29L,29L,29L,29L,29L,29L,30L,30L,30L,31L,31L,31L,31L,31L,32L,32L,32L,33L,33L,33L,33L,34L,34L,34L,34L,35L,35L,35L,35L,35L,36L,36L,36L,36L,37L,37L,37L,37L,37L,37L,38L,38L,38L,39L,39L,40L,40L,40L,40L,40L,40L,41L,41L,41L,41L,41L,42L,42L,42L,42L,42L,42L,43L,43L,43L,43L,43L,43L,43L,43L,43L,43L,43L,44L,44L,44L,44L,45L,45L,45L,45L,45L,46L,46L,46L,46L,47L,47L,47L,47L,47L,47L,47L,48L,48L,48L,48L,48L,48L,48L,48L,48L,49L,49L,50L,50L,50L,50L,50L,50L,50L,50L,50L,51L,51L,51L,51L,51L,51L,51L,52L,52L,52L,52L,52L,53L,53L,53L,53L,53L,53L,53L,54L,54L,54L,54L,54L,54L,54L,54L,55L,56L,56L,56L,57L,58L,58L,58L,58L,59L,59L,59L,59L,59L,59L,59L,60L,60L,60L,60L,60L,61L,62L,62L,62L,62L,62L,62L,62L,62L,63L,63L,63L,64L,64L,64L,64L,64L,64L,64L,65L,65L,66L,66L,66L,66L,66L,66L,67L,67L,67L,67L,68L,69L,69L,69L,70L,70L,70L,71L,71L,71L,71L,71L,71L,72L,72L,72L,72L,72L,72L,73L,74L,74L,74L,74L,74L,74L,74L,74L,74L,74L,74L,75L,75L,75L,75L,75L,76L,76L,76L,76L,76L,77L,78L,78L,78L,78L,78L,78L,78L,78L,79L,79L,79L,80L,80L,80L,80L,80L,80L,81L,81L,82L,82L,82L,82L,82L,82L,83L,83L,84L,84L,85L,85L,85L,85L,85L,85L,85L,85L,85L,86L,86L,86L,86L,87L,87L,87L,87L,87L,87L,87L,87L,87L,88L,88L,88L,88L,88L,89L,89L,89L,89L,89L,89L,89L,90L,90L,90L,90L,90L,90L,91L,91L,91L,91L,91L,91L,91L,91L,91L,91L,91L,92L,92L,92L,92L,93L,93L,93L,93L,93L,93L,94L,94L,94L,94L,94L,94L,94L,95L,95L,95L,95L,95L,95L,95L,95L,96L,96L,96L,96L,96L,96L,97L,97L,97L,97L,98L,98L,98L,98L,98L,98L,98L,98L,98L,98L,99L,99L,99L,100L,100L,100L,100L,100L
)
product_id__asColumnOfTable__product_purchase <-
c(
144L,85L,260L,332L,44L,89L,44L,246L,147L,36L,132L,256L,44L,1L,44L,89L,283L,283L,283L,283L,283L,276L,44L,276L,44L,1L,44L,65L,44L,44L,246L,246L,260L,58L,332L,332L,332L,98L,219L,207L,283L,219L,283L,201L,201L,201L,194L,199L,11L,219L,54L,225L,129L,283L,283L,283L,207L,219L,219L,219L,207L,283L,283L,219L,219L,297L,269L,36L,108L,283L,207L,207L,108L,68L,147L,283L,283L,207L,108L,219L,239L,283L,219L,108L,157L,207L,283L,108L,246L,44L,14L,246L,44L,276L,246L,44L,246L,12L,246L,246L,201L,199L,201L,108L,219L,283L,283L,277L,44L,44L,44L,1L,201L,201L,56L,11L,199L,201L,44L,44L,44L,284L,208L,195L,29L,306L,239L,1L,1L,246L,44L,283L,207L,239L,129L,283L,109L,283L,207L,207L,283L,283L,129L,207L,219L,283L,207L,283L,207L,108L,283L,283L,109L,207L,207L,283L,283L,29L,283L,246L,1L,44L,207L,207L,207L,219L,162L,276L,44L,65L,297L,294L,297L,330L,132L,11L,201L,201L,201L,9L,332L,208L,332L,332L,208L,301L,44L,44L,108L,212L,108L,219L,235L,283L,219L,29L,340L,322L,44L,44L,287L,44L,246L,247L,44L,44L,130L,209L,297L,114L,297L,132L,297L,269L,32L,132L,297L,132L,246L,89L,44L,44L,246L,44L,44L,89L,246L,283L,207L,283L,239L,44L,44L,1L,340L,65L,130L,130L,29L,283L,108L,239L,266L,283L,283L,225L,108L,153L,44L,339L,207L,207L,129L,283L,108L,283L,239L,283L,89L,263L,65L,44L,44L,44L,246L,294L,148L,132L,132L,36L,151L,239L,283L,239L,283L,207L,207L,44L,44L,44L,289L,65L,44L,186L,89L,246L,44L,32L,44L,70L,44L,338L,237L,89L,332L,332L,332L,332L,332L,332L,332L,185L,43L,43L,43L,43L,1L,283L,283L,219L,172L,283L,108L,283L,207L,44L,44L,44L,283L,226L,207L,283L,283L,108L,239L,44L,65L,269L,114L,209L,114L,269L,132L,44L,44L,276L,44L,1L,283L,109L,283L,43L,185L,78L,277L,246L,246L,120L,246L,89L,225L,283L,283L,283L,219L,219L,44L,43L,88L,88L,43L,88L,11L,82L,43L,43L,43L,11L,132L,65L,2L,44L,246L,186L,44L,1L,246L,65L,283L,44L,116L,44L,277L,277L,246L,2L,263L,265L,144L,332L,89L,322L,44L,65L,246L,44L,2L,44L,283L,235L,207L,283L,207L,239L,88L,43L,283L,283L,208L,232L,332L,208L,58L,260L,332L,195L,211L,44L,44L,44L,65L,207L,283L,207L,283L,239L,283L,283L,283L,207L,36L,297L,297L,313L,297L,9L,265L,332L,332L,179L,332L,288L,44L,1L,44L,276L,44L,65L,196L,130L,246L,82L,246L,44L,246L,116L,44L,338L,338L,108L,283L,283L,207L,283L,283L,219L,172L,283L,207L,294L,297L,297L,297L,297L,132L,188L,114L,132L,282L,132L,132L,297L,294L,36L,157L,283L,283L,283L,219L,283L,44L,44L,246L,246L,332L,265L,208L,332L,332L,332L,144L,18L,144L,190L,186L,44L,144L,44L,246L,44L,263L,89L
)