Total__ofTable__document__asNumberOfDistinct__document_id <-
25
Total__ofTable__document_token_topic__asNumberOfDistinct__token_id <-
262
Total__ofTable__document_token_word__asNumberOfDistinct__token_id <-
262
Total__ofTable__document_topic__asNumberOfDistinct__document_id <-
25
Total__ofTable__document_topic__asNumberOfDistinct__topic_id <-
2
Total__ofTable__token__asNumberOfDistinct__token_id <-
262
Total__ofTable__topic__asNumberOfDistinct__topic_id <-
2
Total__ofTable__topic_word__asNumberOfDistinct__topic_id <-
2
Total__ofTable__topic_word__asNumberOfDistinct__word_id <-
5
Total__ofTable__word__asNumberOfDistinct__word_id <-
5
alpha__asColumnOfTable__topic <-
c(
0.5,0.5
)
document_id__asColumnOfTable__document <-
c(
1L,2L,3L,4L,5L,6L,7L,8L,9L,10L,11L,12L,13L,14L,15L,16L,17L,18L,19L,20L,21L,22L,23L,24L,25L
)
document_id__asColumnOfTable__document_token_topic <-
c(
1L,1L,1L,1L,1L,1L,1L,1L,1L,1L,2L,2L,2L,2L,2L,2L,2L,2L,2L,2L,2L,3L,3L,3L,3L,3L,3L,3L,3L,3L,3L,3L,3L,3L,3L,3L,3L,3L,4L,4L,4L,4L,4L,4L,4L,4L,4L,4L,4L,4L,4L,4L,5L,5L,5L,5L,5L,5L,5L,5L,5L,5L,5L,6L,6L,6L,6L,6L,6L,6L,7L,7L,7L,7L,7L,8L,8L,8L,8L,8L,8L,8L,8L,8L,8L,8L,8L,8L,8L,8L,8L,9L,9L,9L,9L,9L,9L,9L,10L,10L,10L,10L,10L,10L,10L,10L,10L,10L,10L,10L,10L,10L,10L,10L,11L,11L,11L,11L,11L,11L,12L,12L,12L,12L,13L,13L,13L,13L,13L,13L,13L,13L,13L,14L,14L,14L,14L,14L,14L,14L,14L,14L,14L,14L,15L,15L,15L,15L,15L,15L,15L,15L,15L,15L,15L,16L,16L,16L,16L,16L,16L,16L,16L,16L,16L,17L,17L,17L,17L,17L,17L,17L,17L,17L,18L,18L,18L,18L,18L,18L,18L,18L,18L,18L,19L,19L,19L,19L,19L,19L,19L,19L,19L,20L,20L,20L,20L,20L,20L,20L,20L,20L,21L,21L,21L,21L,21L,21L,21L,21L,21L,21L,22L,22L,22L,22L,22L,22L,22L,22L,23L,23L,23L,23L,23L,23L,23L,23L,23L,23L,24L,24L,24L,24L,24L,24L,24L,24L,24L,24L,24L,24L,24L,24L,24L,24L,24L,24L,24L,24L,24L,25L,25L,25L,25L,25L,25L,25L,25L,25L,25L,25L
)
document_id__asColumnOfTable__document_token_word <-
c(
1L,1L,1L,1L,1L,1L,1L,1L,1L,1L,2L,2L,2L,2L,2L,2L,2L,2L,2L,2L,2L,3L,3L,3L,3L,3L,3L,3L,3L,3L,3L,3L,3L,3L,3L,3L,3L,3L,4L,4L,4L,4L,4L,4L,4L,4L,4L,4L,4L,4L,4L,4L,5L,5L,5L,5L,5L,5L,5L,5L,5L,5L,5L,6L,6L,6L,6L,6L,6L,6L,7L,7L,7L,7L,7L,8L,8L,8L,8L,8L,8L,8L,8L,8L,8L,8L,8L,8L,8L,8L,8L,9L,9L,9L,9L,9L,9L,9L,10L,10L,10L,10L,10L,10L,10L,10L,10L,10L,10L,10L,10L,10L,10L,10L,11L,11L,11L,11L,11L,11L,12L,12L,12L,12L,13L,13L,13L,13L,13L,13L,13L,13L,13L,14L,14L,14L,14L,14L,14L,14L,14L,14L,14L,14L,15L,15L,15L,15L,15L,15L,15L,15L,15L,15L,15L,16L,16L,16L,16L,16L,16L,16L,16L,16L,16L,17L,17L,17L,17L,17L,17L,17L,17L,17L,18L,18L,18L,18L,18L,18L,18L,18L,18L,18L,19L,19L,19L,19L,19L,19L,19L,19L,19L,20L,20L,20L,20L,20L,20L,20L,20L,20L,21L,21L,21L,21L,21L,21L,21L,21L,21L,21L,22L,22L,22L,22L,22L,22L,22L,22L,23L,23L,23L,23L,23L,23L,23L,23L,23L,23L,24L,24L,24L,24L,24L,24L,24L,24L,24L,24L,24L,24L,24L,24L,24L,24L,24L,24L,24L,24L,24L,25L,25L,25L,25L,25L,25L,25L,25L,25L,25L,25L
)
token_id__asColumnOfTable__document_token_topic <-
c(
1L,2L,3L,4L,5L,6L,7L,8L,9L,10L,11L,12L,13L,14L,15L,16L,17L,18L,19L,20L,21L,22L,23L,24L,25L,26L,27L,28L,29L,30L,31L,32L,33L,34L,35L,36L,37L,38L,39L,40L,41L,42L,43L,44L,45L,46L,47L,48L,49L,50L,51L,52L,53L,54L,55L,56L,57L,58L,59L,60L,61L,62L,63L,64L,65L,66L,67L,68L,69L,70L,71L,72L,73L,74L,75L,76L,77L,78L,79L,80L,81L,82L,83L,84L,85L,86L,87L,88L,89L,90L,91L,92L,93L,94L,95L,96L,97L,98L,99L,100L,101L,102L,103L,104L,105L,106L,107L,108L,109L,110L,111L,112L,113L,114L,115L,116L,117L,118L,119L,120L,121L,122L,123L,124L,125L,126L,127L,128L,129L,130L,131L,132L,133L,134L,135L,136L,137L,138L,139L,140L,141L,142L,143L,144L,145L,146L,147L,148L,149L,150L,151L,152L,153L,154L,155L,156L,157L,158L,159L,160L,161L,162L,163L,164L,165L,166L,167L,168L,169L,170L,171L,172L,173L,174L,175L,176L,177L,178L,179L,180L,181L,182L,183L,184L,185L,186L,187L,188L,189L,190L,191L,192L,193L,194L,195L,196L,197L,198L,199L,200L,201L,202L,203L,204L,205L,206L,207L,208L,209L,210L,211L,212L,213L,214L,215L,216L,217L,218L,219L,220L,221L,222L,223L,224L,225L,226L,227L,228L,229L,230L,231L,232L,233L,234L,235L,236L,237L,238L,239L,240L,241L,242L,243L,244L,245L,246L,247L,248L,249L,250L,251L,252L,253L,254L,255L,256L,257L,258L,259L,260L,261L,262L
)
token_id__asColumnOfTable__document_token_word <-
c(
1L,2L,3L,4L,5L,6L,7L,8L,9L,10L,11L,12L,13L,14L,15L,16L,17L,18L,19L,20L,21L,22L,23L,24L,25L,26L,27L,28L,29L,30L,31L,32L,33L,34L,35L,36L,37L,38L,39L,40L,41L,42L,43L,44L,45L,46L,47L,48L,49L,50L,51L,52L,53L,54L,55L,56L,57L,58L,59L,60L,61L,62L,63L,64L,65L,66L,67L,68L,69L,70L,71L,72L,73L,74L,75L,76L,77L,78L,79L,80L,81L,82L,83L,84L,85L,86L,87L,88L,89L,90L,91L,92L,93L,94L,95L,96L,97L,98L,99L,100L,101L,102L,103L,104L,105L,106L,107L,108L,109L,110L,111L,112L,113L,114L,115L,116L,117L,118L,119L,120L,121L,122L,123L,124L,125L,126L,127L,128L,129L,130L,131L,132L,133L,134L,135L,136L,137L,138L,139L,140L,141L,142L,143L,144L,145L,146L,147L,148L,149L,150L,151L,152L,153L,154L,155L,156L,157L,158L,159L,160L,161L,162L,163L,164L,165L,166L,167L,168L,169L,170L,171L,172L,173L,174L,175L,176L,177L,178L,179L,180L,181L,182L,183L,184L,185L,186L,187L,188L,189L,190L,191L,192L,193L,194L,195L,196L,197L,198L,199L,200L,201L,202L,203L,204L,205L,206L,207L,208L,209L,210L,211L,212L,213L,214L,215L,216L,217L,218L,219L,220L,221L,222L,223L,224L,225L,226L,227L,228L,229L,230L,231L,232L,233L,234L,235L,236L,237L,238L,239L,240L,241L,242L,243L,244L,245L,246L,247L,248L,249L,250L,251L,252L,253L,254L,255L,256L,257L,258L,259L,260L,261L,262L
)
token_id__asColumnOfTable__token <-
c(
1L,2L,3L,4L,5L,6L,7L,8L,9L,10L,11L,12L,13L,14L,15L,16L,17L,18L,19L,20L,21L,22L,23L,24L,25L,26L,27L,28L,29L,30L,31L,32L,33L,34L,35L,36L,37L,38L,39L,40L,41L,42L,43L,44L,45L,46L,47L,48L,49L,50L,51L,52L,53L,54L,55L,56L,57L,58L,59L,60L,61L,62L,63L,64L,65L,66L,67L,68L,69L,70L,71L,72L,73L,74L,75L,76L,77L,78L,79L,80L,81L,82L,83L,84L,85L,86L,87L,88L,89L,90L,91L,92L,93L,94L,95L,96L,97L,98L,99L,100L,101L,102L,103L,104L,105L,106L,107L,108L,109L,110L,111L,112L,113L,114L,115L,116L,117L,118L,119L,120L,121L,122L,123L,124L,125L,126L,127L,128L,129L,130L,131L,132L,133L,134L,135L,136L,137L,138L,139L,140L,141L,142L,143L,144L,145L,146L,147L,148L,149L,150L,151L,152L,153L,154L,155L,156L,157L,158L,159L,160L,161L,162L,163L,164L,165L,166L,167L,168L,169L,170L,171L,172L,173L,174L,175L,176L,177L,178L,179L,180L,181L,182L,183L,184L,185L,186L,187L,188L,189L,190L,191L,192L,193L,194L,195L,196L,197L,198L,199L,200L,201L,202L,203L,204L,205L,206L,207L,208L,209L,210L,211L,212L,213L,214L,215L,216L,217L,218L,219L,220L,221L,222L,223L,224L,225L,226L,227L,228L,229L,230L,231L,232L,233L,234L,235L,236L,237L,238L,239L,240L,241L,242L,243L,244L,245L,246L,247L,248L,249L,250L,251L,252L,253L,254L,255L,256L,257L,258L,259L,260L,261L,262L
)
topic_id__asColumnOfTable__topic <-
c(
1L,2L
)
word_id__asColumnOfTable__document_token_word <-
c(
4L,3L,5L,4L,3L,3L,3L,3L,3L,4L,5L,3L,4L,4L,5L,3L,4L,4L,4L,3L,5L,4L,5L,2L,3L,3L,1L,5L,5L,1L,4L,3L,1L,2L,5L,4L,4L,3L,5L,4L,2L,4L,5L,3L,4L,1L,4L,4L,3L,2L,1L,2L,1L,2L,2L,2L,1L,2L,2L,3L,1L,2L,2L,4L,4L,5L,4L,5L,5L,4L,3L,5L,4L,4L,4L,2L,2L,1L,1L,2L,1L,3L,1L,2L,1L,1L,1L,3L,2L,3L,3L,5L,4L,5L,4L,3L,5L,4L,2L,2L,2L,1L,3L,2L,1L,3L,1L,3L,1L,1L,2L,1L,2L,2L,4L,4L,4L,5L,5L,4L,4L,5L,4L,3L,3L,3L,1L,3L,3L,4L,2L,1L,3L,4L,4L,5L,4L,4L,4L,3L,4L,3L,4L,5L,1L,2L,1L,3L,2L,1L,1L,2L,3L,3L,3L,3L,4L,1L,4L,4L,4L,4L,3L,4L,4L,1L,2L,2L,3L,3L,1L,1L,4L,1L,3L,1L,5L,3L,2L,2L,1L,1L,2L,3L,3L,4L,4L,5L,3L,4L,3L,1L,5L,5L,5L,3L,3L,4L,5L,3L,3L,3L,2L,3L,1L,3L,3L,1L,3L,1L,5L,5L,5L,2L,2L,3L,3L,3L,1L,1L,5L,5L,5L,3L,1L,5L,4L,1L,3L,3L,3L,3L,4L,2L,5L,1L,3L,5L,2L,5L,5L,2L,1L,3L,3L,5L,3L,5L,3L,3L,5L,1L,2L,2L,1L,1L,2L,1L,2L,3L,1L,1L
)
word_id__asColumnOfTable__word <-
c(
1L,2L,3L,4L,5L
)
beta__asColumnOfTable__topic_word  <-
structure(c(
0.2,0.2,0.2,0.2,0.2,0.2,0.2,0.2,0.2,0.2
),.Dim=c(
2 
,5 ))
document_id__asColumnOfTable__document_topic  <-
structure(c(
1L,2L,3L,4L,5L,6L,7L,8L,9L,10L,11L,12L,13L,14L,15L,16L,17L,18L,19L,20L,21L,22L,23L,24L,25L,1L,2L,3L,4L,5L,6L,7L,8L,9L,10L,11L,12L,13L,14L,15L,16L,17L,18L,19L,20L,21L,22L,23L,24L,25L
),